4
3
73 21 21
11 59 40
24 31 83
5
93 4 65 31 66
63 12 60 60 84
87 57 44 35 20
12 9 40 12 40
60 21 3 49 54
6
55 83 32 79 53 70
77 88 80 93 42 29
54 26 5 10 25 94
77 92 82 83 11 51
84 11 21 62 45 58
37 88 13 34 41 4
11
10 50 30 2 40 23 43 50 1 94 33
70 50 40 32 41 33 53 80 13 34 22
1 9 11 22 33 44 55 77 88 55 34
17 75 11 23 66 88 12 46 2 33 32
11 70 33 92 41 43 76 33 11 44 61
10 50 30 2 40 23 43 51 13 23 14
10 50 30 2 40 23 43 52 12 43 34
10 50 30 2 40 23 43 53 11 71 68
10 50 30 2 40 23 43 54 17 62 12
10 50 30 2 40 23 43 55 16 37 32
11 70 33 92 41 43 76 33 11 44 61
